00	14
01	19
02	16
03	21
04	16
05	3
06	1
07	4
08	3
09	11
10	16
11	24
12	12
13	15
14	20
15	13
16	9
17	26
18	10
19	19
20	21
21	13
22	19
23	16
Apr 01 2014	20442
Apr 02 2014	21626
Apr 03 2014	21999
Apr 04 2014	21702
Apr 05 2014	20028
Apr 06 2014	21533
Apr 07 2014	22693
Apr 08 2014	21424
Apr 09 2014	22595
Apr 10 2014	20688
Apr 11 2014	21319
Apr 12 2014	20995
Apr 13 2014	20932
Apr 14 2014	21652
Apr 15 2014	22939
Apr 16 2014	21880
Apr 17 2014	22686
Apr 18 2014	21908
Apr 19 2014	4448
Apr 20 2014	17773
Apr 21 2014	21414
Apr 22 2014	23305
Apr 23 2014	23912
Apr 24 2014	21274
Apr 25 2014	20925
Apr 26 2014	20951
Apr 27 2014	20417
Apr 28 2014	22566
Apr 29 2014	22057
Apr 30 2014	22484
Aug 01 2014	23042
Aug 02 2014	22146
Aug 03 2014	21110
Aug 04 2014	23054
Aug 05 2014	26019
Aug 06 2014	23234
Aug 07 2014	22705
Aug 08 2014	22027
Aug 09 2014	20845
Aug 10 2012	1
Aug 10 2014	21360
Aug 11 2014	23039
Aug 12 2014	22843
Aug 13 2014	24318
Aug 14 2014	24427
Aug 15 2014	23033
Aug 16 2014	21074
Aug 17 2014	20990
Aug 18 2014	23689
Aug 19 2014	22181
Aug 20 2014	21308
Aug 21 2014	21892
Aug 22 2014	20944
Aug 23 2014	17954
Aug 24 2014	19988
Aug 25 2014	23168
Aug 26 2014	33232
Aug 27 2014	32705
Aug 28 2014	21933
Aug 29 2014	20629
Aug 30 2014	20384
Aug 31 2014	19728
Dec 01 2014	19734
Dec 02 2014	20115
Dec 03 2014	19774
Dec 04 2014	15129
Dec 05 2014	19087
Dec 06 2014	17226
Dec 07 2014	20130
Dec 08 2014	19429
Dec 09 2014	18603
Dec 10 2014	17683
Dec 11 2014	17695
Dec 12 2014	19548
Dec 13 2014	19314
Dec 14 2014	20065
Dec 15 2014	19863
Dec 16 2014	19235
Dec 17 2014	23364
Dec 18 2014	20105
Dec 19 2014	18369
Dec 20 2014	16308
Dec 21 2014	20260
Dec 22 2014	19602
Dec 23 2014	20899
Dec 24 2014	19755
Dec 25 2014	20151
Dec 26 2014	16411
Dec 27 2014	17587
Dec 28 2014	17454
Dec 29 2011	1
Dec 29 2014	18218
Dec 30 2014	19063
Dec 31 2014	18257
Errors	0
Feb 01 2015	790
Feb 02 2015	7532
Feb 03 2014	9795
Feb 03 2015	4964
Feb 04 2014	6978
Feb 04 2015	5105
Feb 05 2015	2071
Feb 09 2014	16234
Feb 10 2014	18298
Feb 11 2014	19724
Feb 19 2015	2688
Feb 20 2015	6126
Feb 21 2015	5714
Feb 22 2015	5485
Feb 23 2015	2653
Jan 01 2015	17879
Jan 02 2015	20475
Jan 03 2015	20187
Jan 04 2015	5858
Jan 05 2014	1
Jan 25 2014	285
Jan 26 2014	21988
Jan 27 2014	24415
Jan 28 2014	23392
Jan 29 2014	18564
Jan 31 2013	1
Jul 07 2012	1
Jul 14 2014	18335
Jul 15 2014	24367
Jul 16 2014	23604
Jul 17 2014	23285
Jul 18 2014	23575
Jul 19 2014	21696
Jul 20 2014	22010
Jul 21 2014	23419
Jul 22 2014	24251
Jul 23 2014	26896
Jul 24 2014	24945
Jul 25 2014	23158
Jul 26 2014	21930
Jul 27 2014	23653
Jul 28 2014	24835
Jul 29 2014	24532
Jul 30 2014	24060
Jul 31 2014	23285
Jun 01 2014	21219
Jun 02 2014	22136
Jun 03 2014	22321
Jun 04 2014	22937
Jun 05 2014	22666
Jun 06 2014	23014
Jun 07 2014	21289
Jun 08 2014	21600
Jun 09 2014	23190
Jun 10 2014	24015
Jun 11 2014	24561
Jun 12 2014	23137
Jun 13 2014	23087
Jun 14 2014	20684
Jun 15 2014	19807
Jun 16 2014	23302
Jun 17 2014	22703
Jun 18 2014	24933
Jun 19 2014	6264
Mar 01 2014	4511
Mar 02 2014	20124
Mar 03 2014	21630
Mar 04 2014	20782
Mar 05 2014	20054
Mar 06 2014	20680
Mar 07 2014	20037
Mar 08 2014	19655
Mar 09 2014	20697
Mar 10 2014	23173
Mar 11 2014	21625
Mar 12 2014	21863
Mar 13 2014	20273
Mar 14 2013	1
Mar 14 2014	20478
Mar 15 2014	19761
Mar 16 2014	20765
Mar 17 2014	21476
Mar 18 2014	21469
Mar 19 2014	21271
Mar 20 2014	22391
Mar 21 2014	21166
Mar 22 2014	19194
Mar 23 2014	21223
Mar 24 2014	20570
Mar 25 2014	21326
Mar 26 2014	21430
Mar 27 2014	20742
Mar 28 2014	21123
Mar 29 2014	20008
Mar 30 2014	21423
Mar 31 2014	21698
May 01 2014	21089
May 02 2014	20222
May 03 2014	19583
May 04 2014	20747
May 05 2014	21447
May 06 2014	20850
May 07 2014	22913
May 08 2014	22263
May 09 2014	22216
May 10 2014	19727
May 11 2014	19860
May 12 2014	20951
May 13 2014	21826
May 14 2014	23652
May 15 2014	25519
May 16 2014	22233
May 17 2014	21570
May 18 2014	23050
May 19 2014	23329
May 20 2014	22731
May 21 2014	23562
May 22 2014	22235
May 23 2014	21153
May 24 2014	19508
May 25 2014	20522
May 26 2014	21149
May 27 2014	23370
May 28 2014	25596
May 29 2014	23894
May 30 2014	22479
May 31 2014	21043
Nov 01 2014	17254
Nov 02 2014	18646
Nov 03 2014	18041
Nov 04 2014	19259
Nov 05 2014	18635
Nov 06 2014	17946
Nov 07 2014	17877
Nov 08 2014	21074
Nov 09 2014	23000
Nov 10 2014	18508
Nov 11 2014	19480
Nov 12 2014	17658
Nov 13 2014	17647
Nov 14 2014	19024
Nov 15 2014	19519
Nov 16 2014	19773
Nov 17 2014	19440
Nov 18 2014	19910
Nov 19 2014	18757
Nov 20 2014	19359
Nov 21 2014	23317
Nov 22 2014	19309
Nov 23 2014	19763
Nov 24 2014	20001
Nov 25 2014	22661
Nov 26 2014	20706
Nov 27 2014	22764
Nov 28 2014	19534
Nov 29 2014	19730
Nov 30 2014	20416
Oct 01 2013	1
Oct 01 2014	17935
Oct 02 2014	17600
Oct 03 2014	17389
Oct 04 2014	17392
Oct 05 2014	17588
Oct 06 2014	17497
Oct 07 2014	20597
Oct 08 2014	20361
Oct 09 2014	18515
Oct 10 2014	17876
Oct 11 2014	16039
Oct 12 2014	18908
Oct 13 2014	18628
Oct 14 2014	19744
Oct 15 2014	22412
Oct 16 2014	17882
Oct 17 2014	17926
Oct 18 2014	16322
Oct 19 2014	17934
Oct 20 2014	19251
Oct 21 2014	18736
Oct 22 2014	17843
Oct 23 2014	18493
Oct 24 2014	17775
Oct 25 2014	20412
Oct 26 2014	19027
Oct 27 2014	18328
Oct 28 2014	18087
Oct 29 2014	18360
Oct 30 2014	17452
Oct 31 2014	18370
Sep 01 2014	21487
Sep 02 2014	21498
Sep 03 2014	21445
Sep 04 2014	21749
Sep 05 2014	21160
Sep 06 2014	20962
Sep 07 2014	23779
Sep 08 2014	20200
Sep 09 2014	20148
Sep 10 2014	19963
Sep 11 2014	22766
Sep 12 2014	22051
Sep 13 2014	19803
Sep 14 2014	20030
Sep 15 2014	19535
Sep 16 2014	19811
Sep 17 2014	18688
Sep 18 2014	17407
Sep 19 2014	16626
Sep 20 2014	16373
Sep 21 2014	20577
Sep 22 2014	16963
Sep 23 2014	17359
Sep 24 2014	17734
Sep 25 2014	16839
Sep 26 2014	16757
Sep 27 2014	17217
Sep 28 2014	17515
Sep 29 2014	18020
Sep 30 2014	17337
Success	6080302
Total Tweets	6080302
